# GIMP colorrc
# 
# This file holds a list of recently used colors.

(color-history
    (color-rgba 0.28627452254295349 0.21176472306251526 0.08235294371843338 1)
    (color-rgba 1 1 1 1)
    (color-rgba 0 0 0 1)
    (color-rgba 0.56078399999999995 0.20000000000000001 0.235294 1)
    (color-rgba 0.23921570181846619 0.23529413342475891 0.23529413342475891 1)
    (color-rgba 0.62745100259780884 0.62745100259780884 0.62745100259780884 1)
    (color-rgba 0.4901961088180542 0.4901961088180542 0.4901961088180542 1)
    (color-rgba 0.63137257099151611 0.63137257099151611 0.63137257099151611 1)
    (color-rgba 0.13333334028720856 0.12549020349979401 0.12549020349979401 1)
    (color-rgba 0.49803924560546875 0.49803924560546875 0.49803924560546875 1)
    (color-rgba 0.5372549295425415 0.40392160415649414 0.15294118225574493 1)
    (color-rgba 0.15686275064945221 0.11764706671237946 0.043137256056070328 1)
    (color-rgba 0.18039216101169586 0.17647059261798859 0.17647059261798859 1)
    (color-rgba 0.28627452254295349 0.28627452254295349 0.28627452254295349 1)
    (color-rgba 0.38431399999999999 0.117647 0.145098 1)
    (color-rgba 0.69803899999999997 0.49803900000000001 0.31764700000000001 1)
    (color-rgba 0.38244499999999998 0.11806999999999999 0.14393300000000001 1)
    (color-rgba 0.207843 0.258824 0.51764699999999997 1)
    (color-rgba 0.208285 0.25864799999999999 0.51724099999999995 1)
    (color-rgba 0.199596 0.204129 0.56112899999999999 1)
    (color-rgba 0.56112899999999999 0.199596 0.233596 1)
    (color-rgba 0.404389 0.075993000000000005 0.19952700000000001 1)
    (color-rgba 0.19439899999999999 0.24096100000000001 0.34482800000000002 1)
    (color-rgba 0.26666699999999999 0.31764700000000001 0.43137300000000001 1)
    (color-rgba 0.26517400000000002 0.31667699999999999 0.42946699999999999 1)
    (color-rgba 0.053291999999999999 0.052608000000000002 0.049715000000000002 1)
    (color-rgba 0.22570499999999999 0.15267700000000001 0.087858000000000006 1)
    (color-rgba 0.69906000000000001 0.49772899999999998 0.31903399999999998 1)
    (color-rgba 0.66666700000000001 0.12548999999999999 0.21568599999999999 1)
    (color-rgba 0.17254900000000001 0.043137000000000002 0.074510000000000007 1)
    (color-rgba 0.015685999999999999 0.019608 0.027451 1))

# end of colorrc
